Table de jeu en cours :
 [0]  [0]  [0]  [0]  [0]  [0]  [0]  [0]  [0]  [0]  [0]  [0]  [0] 
 [0]  [0]  [0]  [0]  [0]  [0]  [0]  [0]  [0]  [0]  [0]  [0]  [0] 
 [0]  [0]  [0]  [0]  [0]  [0]  [0]  [0]  [0]  [0]  [0]  [0]  [0] 
 [0]  [0]  [0]  [0]  [0]  [0]  [0]  [0]  [0]  [0]  [0]  [0]  [0] 
 [0]  [0]  [0]  [0]  [0]  [0]  [0]  [0]  [0]  [0]  [0]  [0]  [0] 
 [0]  [0]  [0]  [0]  [0]  [0]  [0]  [0]  [0]  [0]  [0]  [0]  [0] 
 [0]  [0]  [0]  [0]  [0]  [0]  [0]  [0]  [0]  [0]  [0]  [0]  [0] 
 [0]  [0]  [0]  [0]  [0]  [0]  [0]  [0]  [0]  [0]  [0]  [0]  [0] 
 [0]  [0]  [0]  [0]  [0]  [0]  [0]  [0]  [0]  [0]  [0]  [0]  [0] 
 [0]  [0]  [0]  [0]  [0]  [0]  [0]  [0]  [0]  [0]  [0]  [0]  [0] 
 [0]  [0]  [0]  [0]  [0]  [0]  [0]  [0]  [0]  [0]  [0]  [0]  [0] 
 [0]  [0]  [0]  [0]  [0]  [0]  [0]  [0]  [0]  [0]  [0]  [0]  [0] 
 [0]  [0]  [0]  [0]  [0]  [0]  [0]  [0]  [0]  [0]  [0]  [0]  [0] 


